952167	-579501	197046	758944	145746
778279	539027	651276	-38490	952957
-135433	258053	363200	-593900	595068
-741764	734311	-30631	696338	801561
154551	481587	-177622	985585	229862
58127	-176714	-656745	-293476	-751769
-267818	232941	-156812	-286191	68528
41367	484041	79586	549954	918396
-315441	644195	864424	-806975	343783
-90348	-244929	-599319	-881113	-221811
637869	577259	-971549	621197	-434744
-76852	-200081	282696	697301	-125524
59329	437580	-399591	-751614	-335763
-49170	120080	973744	-552746	-925626
-910550	-744427	698211	129669	533796
-777111	-793902	41034	675668	200355
121335	764349	664694	465448	-135936
-186941	431771	-524610	54903	-493152
-479834	941835	-35291	219068	598043
979815	-200764	-641305	822021	-561079
334850	636138	-604271	875867	-983053
-953643	-176106	-505841	698094	-657125
-964622	-83254	-17731	-503708	819097
-383659	-6195	-850961	-134719	-348188
876395	948910	666851	29850	791053
-127809	186113	-32948	-161767	-404916
265474	624473	-728773	-816654	775279
566889	535070	99485	-344568	257736
-962481	198863	187570	647241	226519
-876597	-751566	322831	671734	584199
493641	233166	252700	533612	-370595
-507208	-248354	940801	-607417	-420703
-494455	-769974	588023	201063	546802
-429050	920734	-951324	185719	148626
-290869	-401906	309301	274066	-351164
162212	571542	890453	-652575	598869
-40155	-500918	-547873	-66490	96156
899061	185234	363251	-584326	-65506
443853	773340	-738426	-426836	-108596
125007	283439	-945598	341758	852493
224254	-560005	-547688	-467567	788193
656433	-372962	-766840	624824	-470214
869534	408213	-925005	-902022	-474254
195288	-734054	-797352	-400548	289165
897559	515726	546680	-15842	-233300
147472	322844	-323572	768486	243621
-616954	-662952	-560069	343209	-929252
515266	-76704	294938	434957	-483848
-125385	-971155	-565464	-58915	978736
-990408	171691	569519	530837	-705262
-219623	-304471	-605311	-792115	609673
-786002	608753	717396	104822	-907974
726384	-243212	689746	959116	342927
-663597	-497358	-843343	-328068	998922
-503723	-285587	648813	-64216	-75572
781275	-253900	896670	658293	477385
-575946	-416672	904900	341471	-758258
330598	-1941	809408	-164822	302247
92025	-313550	909751	502552	469859
423839	882784	-670991	643513	828480
-156742	239663	517697	779162	346234
-510281	-670546	406323	-361168	881873
-172163	777034	23408	853762	818815
134772	189075	-425508	781132	-452090
870011	430288	556742	834752	-676552
-789763	771063	105238	773818	-830615
654521	481263	-528796	-670158	496359
-492261	-816194	-373940	-196868	994498
-37631	987971	-470634	-507266	-497721
-696152	235605	-734290	231876	183648
-357539	580304	957728	-121846	-663221
39775	456138	752653	-578271	-653191
-164268	-160916	62356	-461215	612249
658444	27701	659927	-734456	-320687
-43313	939499	-366605	-324771	555568
-479699	-54890	-577100	934195	-798762
241907	-499263	-386572	549216	35713
-126750	-690622	-409098	157845	-762471
766248	764641	-642890	425440	65220
-951185	-5380	603794	91562	-952326
-234377	433142	-691849	-204589	-153725
-21146	552551	-460807	43129	762502
25809	-443996	-276943	289709	-519118
314110	204989	-215427	101368	268363
896510	401946	-165911	944626	-33876
-934924	-747740	-772347	-746053	-485411
-432541	530692	-712200	-588715	-98040
-210883	401563	641852	977146	-724953
261315	625851	-964347	307689	-273167
307475	976611	-866272	374872	387810
-858586	-736003	456623	-262180	413334
851723	639083	311248	269753	-975052
-616451	-927324	554412	-421643	720211
-320323	-865323	-109686	461325	850582
815176	503595	-398194	-163522	-253558
-908147	65238	-136784	-662434	-938069
313598	228973	-726798	-884954	467098
-548392	625508	-291357	-597501	-78400
987245	194860	-297788	-234229	519017
759656	191070	-363402	-423711	432559
-763366	-934063	893460	-489093	-389590
-95106	722156	696435	-812761	891207
536522	-346837	-281340	59572	-41990
632283	-176100	118093	-829179	891409
303853	-133713	-143495	900621	530942
218520	-222512	675487	-744314	373873
44300	-54362	-923739	-317170	-566896
-829518	-606358	347147	854541	-120287
981543	-664297	279652	691027	634015
-107789	478508	-203272	-713254	471287
-536251	-85985	-817577	766898	-329863
739158	-215992	-138020	655446	-701770
-516807	-389384	-716929	-103054	-858565
41642	-174469	508642	625602	-807230
-238829	-470926	108865	964427	-139665
-349137	259002	-205436	-423181	-84773
-993055	-646014	-961142	-781635	826507
946996	500416	366874	928138	573109
365193	359357	974962	712322	-967470
700768	-424189	681010	-391898	515233
487796	692674	-208534	66805	-750436
-281085	-776481	950824	-767039	-591790
-347460	-78358	-189726	381893	246956
-573533	430982	-158131	-763248	171144
698075	-434862	470979	-738136	-991572
-995230	833032	83875	-862970	344497
359131	423053	-749811	142692	10194
231064	-812688	838097	-187031	-871144
-213048	22945	-308920	-920093	-580280
520821	857852	983843	-623715	456635
98490	-17731	324229	345651	-721101
988749	290264	455372	210818	-56133
-425315	377541	-165954	129701	-496358
593000	-542048	-270467	958233	636645
-331237	852377	-929366	104349	-100214
965007	255450	660912	190852	762569
-431418	-916701	-227683	-591944	472501
868668	767138	-690881	879568	-704483
-601664	-170163	681593	434110	425145
948366	-822320	-288808	505351	-819699
395581	-527704	-505143	194978	-837360
850586	-528360	-24532	823541	613549
-933540	779348	64555	-556395	209104
395941	-130266	647177	-928252	875155
-743478	-48009	-613873	211330	-792928
475485	94935	118482	-211687	910896
220368	229466	619071	-626439	936508
534634	947839	426328	-231629	601849
-784851	673725	-435988	-701514	412614
-899969	348525	343187	292447	405863
-783601	815841	-283488	911715	612150
554829	183226	-428557	87561	-629277
4881	390754	-980344	821562	879588
913212	-889412	-886327	533763	735888
749622	73808	-635442	-336161	-29606
-593134	-384934	-118900	378408	360458
-668165	200278	-760986	-556332	-525705
-446519	-703286	-612985	-927479	-174942
111624	843592	677836	165416	-990855
-795384	998896	315885	-625072	-701098
-279757	-177459	788601	384597	-332847
217830	940135	-953598	-196492	-797229
-779912	-250251	794135	-641625	-851588
-160169	-937672	917076	162183	120325
203788	-824204	-90517	820378	-99921
-733735	-217940	798071	778738	-996733
750430	995415	-494701	-302316	-213287
957889	591885	-925606	897560	924420
-75474	750310	159190	-769983	498784
145448	-459772	171051	854521	922634
-222027	-107464	-937271	-904678	642566
874405	535321	-598601	-570273	890850
-524007	412852	-652659	-5250	83818
562918	647305	-670027	926795	406895
-997366	716063	-378149	-184213	-168048
157533	-824934	103004	-527572	-528254
-209214	141304	-133541	515734	-729659
506461	-628407	347028	789051	-641496
910837	815697	-47230	528914	275221
181635	663793	807928	214438	216123
-797390	369997	-419051	166674	-77966
430846	456840	-330443	397174	-374510
421678	-573687	212350	-784608	323371
-306251	778270	191291	-890787	-677211
-536987	-463090	-769103	594156	62592
-696283	80119	-561015	737101	-228571
505443	81952	-897084	28270	-774922
167462	1372	755163	479862	219036
-928912	463833	-389786	982662	862540
-32732	853642	325144	-373285	-62282
399751	348468	-456195	874107	813843
602946	-209399	671181	31894	289656
207086	173851	402952	-964779	998815
33738	926549	-149656	578554	-615969
-401022	905861	279828	-326569	798184
550792	656732	-79141	-323465	167662
210176	-886644	211553	-79854	-507061
350555	226959	-379950	910364	-446904
-706662	-746881	49133	490457	-74805
799831	682920	-272052	-395753	385313
-636494	-114658	-962889	-616246	-267890
384587	626028	-22903	860821	-597794
-418906	-413756	885735	-139152	-892048
738305	454112	657138	475979	257589
328355	273552	192124	127187	-375269
491813	-481343	-245943	-223168	528788
-61746	-793347	-56967	657767	-739984
286754	145678	723469	-73751	442403
810334	-892478	509295	-117992	-816093
-640448	521006	-795098	769462	681647
-402204	-529587	-538073	-577468	-351056
125687	-191952	160677	302579	-813672
273509	-167680	229867	-419955	-802204
831479	75105	518435	-922960	-676019
777568	-640081	44174	873802	-523558
348290	545488	631802	-445734	-754348
318145	-15416	35917	28648	334274
18987	-623736	746970	-500365	853888
-200372	729958	-315499	963605	-116994
-355364	110856	457224	-491301	-71779
732224	-816617	-788761	725755	-407561
527162	-622536	622612	285648	763346
430898	257596	800837	-462341	264642
-535278	983495	285813	-879618	836316
82236	325571	663193	-888481	611857
823496	-207998	352439	-724831	-540260
-12085	250535	-463330	-745432	-163258
-200378	522906	693069	-64678	317743
-386272	-287071	493360	690169	387995
-559263	-484744	77742	-354229	362796
-299061	-50478	14965	-667533	895153
585278	809475	-50261	789336	-639502
188558	519520	499387	-589563	-210965
121923	743652	524980	-948455	584375
-413309	-562595	-141996	-162208	-620555
336866	863212	-735683	-847993	428560
500120	129011	283068	37474	11802
713541	241770	-74823	873241	-428147
501911	-35856	73409	771336	-496972
56088	886647	-303486	-397942	-766064
846661	-424497	-813038	896764	-813945
617040	-287934	-274930	-223443	284176
203569	249364	-35365	534765	41494
-677617	602044	676643	-173603	502753
-279306	-702549	-554900	282725	-131661
-942616	-786909	-677850	179229	-654488
1206	233803	-454390	951845	609012
-832169	39908	834190	287716	297326
-816167	-641798	865482	973464	-812443
-380107	245428	40718	-439306	-636496
-375777	219486	741152	-466998	478834
867369	948714	751158	725670	128459
350674	-810437	-554934	558941	-958921
461774	-55422	-137555	-998785	-147793
-301444	-128983	524524	-870864	-752562
40122	958778	-428630	-801876	-928164
-545577	-649651	21626	18373	612110
-513833	947131	-811517	-704285	-807556
319051	690908	-978922	165433	-803398
590991	-162553	-661224	-668420	-162198
94321	650088	452512	-31931	331243
54266	400468	-647215	286963	997606
539027	-573680	717108	-364724	-417745
132230	-379394	919162	-732019	-715431
772137	-466699	-189997	-878965	-895161
-587845	259398	-203113	-734444	-278417
-875526	561479	870 919180  617221
-161364	290657	-627044	-392353	691920
-296222	-450681	-959697	-754535	-964049
-101518	972286	973219	278155	-493302
733300	-81970	-781583	-40558	-333599
532003	195924	-765954	-334030	-345777
-152357	-438657	-982996	208033	-535056
-103166	369418	138295	305542	-969727
186825	216629	638967	402735	-31955
-309332	-186894	-264215	-999315	-454916
-204788	761965	-548557	948692	-681147
141435	166465	22696	-661296	-534328
-797073	-953009	504596	92996	-454459
561028	160385	85343	-450291	916902
171986	-464839	-68026	731375	987723
-922556	881234	-424291	-449529	361761
-822664	568163	-558681	225628	-512366
26925	858863	-403466	466298	-492506
-770130	-260017	904029	-831342	-104708
441752	71442	968787	-817826	972883
133183	957298	-312831	-563611	-972222
-785699	-965349	-34148	384661	-351770
-469628	133040	-857839	-935644	-494213
-403874	-890129	548967	561981	-485107
-675709	-397855	662250	-97764	-714582
824323	838302	855445	-924982	526787
652156	-188801	-246970	-690423	-265558
-747432	9029	46098	-85814	-22569
-453912	304258	-230848	-635289	-405146
329605	568722	427332	772213	1938
-110078	102505	-985098	-55924	353361
917147	-470398	565489	714517	-473309
590453	311373	-648647	-798550	945631
-623355	357130	-401324	286758	11868
827896	61937	825070	113114	857698
-81269	45549	-625433	609060	867482
-696802	65871	-775479	472070	-98133
-705281	-360840	471649	640356	-645784
-970626	455680	620856	939351	-711460
-728215	-146584	-89969	171020	478413
580229	-361507	502207	916693	-273489
-564154	732604	67337	205161	573808
-335177	-194279	-568808	-446195	-377092
-310587	13869	-483434	-397932	608850
-560995	644512	547445	-267140	-698961
-26815	-96843	752819	-940811	584211
-573422	-208766	-153493	40721	-977215
-470063	642257	-996284	-988409	-280647
92447	650132	243708	697878	-439172
27813	467900	-949638	-382610	-3046
595651	-813643	679762	896825	-289227
457369	105264	-689031	643162	-507966
-141988	-482589	772901	372713	-910233
268178	-869015	-993489	407639	978378
-637330	803408	-608486	160063	95143
-854703	316859	303240	902079	647012
-553620	-132635	-860895	674966	507754
-251192	413660	-342659	-170277	599695
767525	-649034	531317	-837808	-542992
-13997	978631	-666225	-914165	358868
-523265	-29762	557269	-212235	-321164
524848	-476207	-885122	-205436	-719312
-19279	-148150	-695188	892473	705077
-688544	592732	449122	46412	711545
-981860	-201337	14944	369039	460795
-442524	274801	-263718	729102	902170
-752312	-182010	757266	-212561	-563475
513852	-757704	902295	-838702	446636
-687397	-644645	628191	-627798	142727
-235594	487923	340939	743160	976877
-30465	803464	-907192	277528	-765902
-755317	593483	620350	820268	655172
950183	-553983	114893	-59962	-13641
-863983	-959033	316762	-816637	693597
-414442	-816273	-312816	988829	173095
765007	204400	-21347	147821	728383
-551657	-119950	-881718	-258935	31644
-843472	444485	-340623	-506804	-81777
-883376	806341	-554996	-681384	794116
-856968	-28145	-177832	921214	440860
-658066	170026	-9312	811181	823414
611393	-624308	-607300	-858395	-342014
-968966	-418259	152058	-881906	-273257
-41302	-79378	-542207	92780	-933432
171543	-901710	566440	-383552	380356
-955829	538986	-859905	-693844	-960927
-654455	739947	-867664	-901372	893475
63779	-39569	481056	667707	11317
584756	923448	992049	720303	-862467
551596	918195	851352	950632	-322052
896589	-134929	438854	236249	800657
-19877	76209	74921	36912	695456
564502	-643025	-526975	-382233	87082
861815	-486028	-74359	-181895	386455
980646	-858549	92665	492504	-85091
433182	-268095	554201	528929	629739
947389	-589526	774549	-486429	-395448
-82417	-839575	-745275	960089	-333568
316409	-947965	-194879	398656	-799488
172243	948787	389173	-114022	-700455
-456577	466883	67893	-737450	586408
-804560	936494	918463	216862	579944
-309540	685815	-965258	186043	73425
534725	70703	-705898	-179132	-319559
850853	-146200	-703340	-198820	-849561
708932	899021	106356	-224449	-143940
589064	45504	6516	-164231	-177622
-799038	492844	-194379	-35318	247172
888749	203546	-148649	904236	665377
99795	776350	-65304	-491408	730274
-982604	336057	767243	959400	555461
675819	69069	64500	797737	373596
569765	784306	39417	328953	-730809
-36657	-619144	-252768	-837296	786532
-636190	560685	-483635	-958138	298213
-37546	-428274	647447	-36885	990750
562442	537931	-329853	695756	-924466
677805	823120	-886722	321934	-432236
606713	-296804	-195900	-733900	-457798
599418	933397	700046	-920914	-159273
-149144	-449724	-509822	109540	-288674
-353445	-870194	-989564	435898	-334047
784138	467138	-705634	-124475	139384
693906	839462	568265	-261485	937907
867178	959631	-662336	-938818	743678
554818	-178527	372207	-757945	-465832
569737	-601575	-426502	-371219	144212
604004	-207410	-334142	-777761	-879264
-814964	984036	-107270	829446	-660121
-864358	367330	4461	41546	757667
-801991	-334910	-13045	-274501	-800496
-837252	-581738	-959337	320898	-444380
-435636	70251	-642214	-829854	-303645
-357808	44190	341408	-848416	-719481
-307257	-596166	700800	869101	-742481
867761	-540949	-252623	415958	474192
-577536	-13731	339639	896303	706262
316881	-413423	214318	302443	-984492
-102430	-870173	-116597	-105259	697158
-680744	574906	-602658	282433	-47988
-720367	260573	976158	74446	347791
459817	-25910	626047	-169049	-687113
322761	-661723	996685	-794504	-29266
-232401	605693	-796598	-326954	681435
508665	471225	288142	287289	106684
462957	895940	904856	-283420	-545813
630401	-622702	-62784	676984	-326632
566876	-288740	286638	-626183	152998
639505	-636380	-533016	163712	398591
482887	399387	-224729	-567851	466630
-582843	11957	648312	724116	972249
-160298	744296	535946	-924811	-788889
959115	41808	-569775	-665922	-845697
133701	-213629	186501	-935180	-601120
681507	-557167	-532184	568498	-821101
-299766	556504	-469020	976002	-653612
267141	364740	63067	972989	-63215
70644	234977	665981	-739457	730524
951947	384296	-491811	-480944	167815
265817	-989541	-488658	850338	-490238
-242691	-439650	331135	932250	764495
-515581	-166484	863288	-845033	124656
141930	-480439	-626317	635109	-440317
-931694	270310	81833	725532	644064
142522	421679	935991	810140	-69591
-640360	-250952	372926	-49184	325626
-975651	-450348	326432	-577171	184112
-15883	851329	725842	-226561	512135
248761	-95950	-227551	-243850	830757
693878	688811	-842783	395370	-240326
-232246	84298	-479921	173683	-626646
-569625	575096	297331	-630370	-228697
-199338	-122698	-508157	413012	-188603
-727575	740453	203536	-38990	810019
89676	49158	712309	36865	-146376
-566835	723360	-279649	-892679	-119716
-632936	115519	486449	-971730	-368839
771803	827051	243201	-571380	501770
279664	-114783	767520	824121	-305172
-854756	366163	247116	120428	-528713
926684	-360210	-15547	-346072	-697171
662005	519932	-489638	377051	424010
801361	-980871	616387	-626388	-965608
869612	603554	763580	-113551	638757
-719055	5912	462406	211084	-870723
-494000	-558103	-715009	142368	-990766
7913	-647133	4311	30992	818108
-84546	614123	887352	-314784	-336031
979813	989540	-289002	506624	-30236
-615450	-890029	696795	-470307	-660026
-886795	503700	-776352	348522	-781851
190770	-561831	-771116	-57722	-868862
590277	-948028	-684556	622293	-999813
-226292	569850	-63572	-261266	140715
-808706	390261	-508057	-837846	499402
878950	-88620	-863154	365074	-739386
498977	978771	-55151	-721362	-84885
292718	-870272	451433	-876670	-525422
149704	184738	-560660	-94028	608795
279341	104036	129433	597214	-944816
-657697	-823806	-607484	-88633	-20224
-976288	930704	125138	245824	698810
-608653	-353479	-699671	-855617	414397
177115	535453	1801	196228	650123
-771337	-913208	980103	-892872	-6099
656457	476968	566613	-747010	383132
21615	7893	441122	-12622	-266991
-563918	-405725	-123177	652392	-877784
136857	-737268	-792483	913033	-751242
-667565	-630146	-434096	453571	86100
731635	244168	565134	979609	-742571
-465970	-476565	258089	-764794	-951124
-697033	-438665	-182758	317804	918197
-95182	-48848	141356	425702	-170025
-600550	-798054	-795261	-755736	-791183
812137	-374712	530765	723008	-747670
395479	991472	-290664	380994	345009
-711477	769848	457785	-814307	232436
-381264	537902	490898	72104	294873
-234766	-478180	-954582	-962415	831295
896751	918784	-290896	-976112	974962
-271286	658190	899831	242638	-365546
-582798	192189	-105475	-463901	-648112
-683059	-121265	911385	-669278	-94467
-296071	122826	-668837	-428620	472721
-237161	-811117	397441	470067	791493
-973661	-156914	-804361	-361223	972365
-532414	-808085	932725	796111	287298
95844	989485	48757	643639	716004
852177	-543058	-126220	962569	-346279
293422	544310	816844	-821549	984238
30489	-41205	22175	-585565	280661
159454	556474	-339749	-306020	-222992
-29532	-71463	-751823	-386683	531718
-890404	65220	522579	-755012	-654855
843290	821284	-569017	-562424	920352
-266650	285035	450825	21301	-64891
-811619	-927506	965935	-245941	737819
207423	-301941	-554290	-498654	-887545
142242	453899	-673759	555877	-828689
-324627	596356	923149	840767	-980330
-614311	613925	263199	347792	-274269
452998	-231277	-927329	-430885	126121
21076	-951029	-779413	-9978	39362
-511837	792075	485812	-495912	616722
515894	386028	584782	626662	-377540
792067	-162576	908585	953241	-766446
-701153	-650144	182905	-988330	-79597
-853190	-130751	945253	-837351	551997
886199	-423444	-253293	-540106	81156
201462	-559860	-443637	-831364	238980
-382701	470013	-364021	-62847	-516690
310296	-599124	844456	-15377	569137
493456	-221214	283729	-179089	82887
-277075	-330913	-952799	-908643	-602402
-273203	-572080	-236758	-386211	191361
615745	150770	-130617	90701	888248
-240959	-261666	206074	77022	634735
-982122	944640	-548019	743404	-285196
406309	693473	-380217	-953997	64885
-679140	-551695	-781642	802438	892137
-251888	399009	-108525	539219	-501685
-11724	-446465	-792315	617138	60734
364138	142320	12267	-971089	110950
-594663	281016	-982926	-681525	270899
-279709	-406786	382959	-852802	717652
-493702	298288	884666	-357299	-802288
842002	-652691	986270	-696560	-105060
378663	36403	115125	-283448	330338
-576232	-656052	793932	744188	247302
889860	313284	-588802	-631696	218813
690092	-736794	-175981	755781	-260645
-353569	-706215	-10160	-89554	918290
474165	719230	770377	-754775	50664
297899	-183837	823185	-584975	-60804
186124	579008	969738	-503393	509216
-210678	-191156	226326	-112460	691277
302339	-509684	167721	-908443	778288
-888582	-47277	414689	178391	-684726
-99521	-410664	-988379	602180	-101203
129558	-213721	-892615	-296786	450893
538353	660876	-440324	244607	-530096
640021	-344221	273314	1004	-972248
964693	-196326	-866381	104113	-426753
51995	-858156	-181561	779079	354896
-527665	-729472	267380	-316253	826042
-411421	130613	59414	698405	-44322
-627535	454679	833673	-826296	-297202
611507	888428	553951	559663	363393
-748368	-798867	802179	-786557	783505
10940	-4247	-318074	-674544	-956187
756624	116569	137758	-928282	-975669
-291812	-301287	751689	-580828	497948
995064	-41603	833475	178639	884093
-925877	135278	-592726	556489	43938
-637760	-837520	-856722	563544	353799
926324	-65352	-633935	-603458	769972
38764	-605001	894744	249985	-614479
-74795	-655302	-168810	169043	861899
-493284	696261	700187	239854	410244
649242	-110163	503491	684710	-120989
551934	243751	-549813	-476517	547084
-207104	-630600	-117197	-301772	-200848
-703243	-348059	-147685	-15654	895692
503815	-104045	184851	-355063	805643
206874	-491161	156601	52906	-870861
-450699	377670	393237	-139208	-275592
282755	558810	932435	-443721	-653571
452825	-500378	400335	-179843	135590
501479	492433	277160	-633239	-151106
-384818	-41926	-279462	-905754	868708
-141650	165284	867966	381402	257094
429972	778458	940326	319285	999374
245354	-236872	678972	894908	-571385
-612261	456022	881498	-835861	299265
331035	714015	838238	967588	784397
887257	626844	845829	881506	-174962
-624843	639672	-338956	24013	356363
159320	421703	798369	498501	-244162
-203437	9780	-865366	-902071	-11830
-214509	885740	520138	-279643	-640393
-937344	-910283	-30181	-979988	870311
546332	-450980	413372	-357117	-668070
322883	-915245	-538766	972567	988285
-729707	-716250	488093	123439	-986556
150837	-479244	635933	818363	-288297
-55682	570781	72070	-208088	609368
278816	402694	-350357	983187	907668
-291853	-742295	722748	345457	231848
-416802	179747	30696	-359751	-437491
890668	-233615	367482	120400	719225
784873	-181443	742534	-903830	-659412
773406	723624	-891121	-748432	-216889
-477681	620870	917137	-22248	727550
-701657	381355	-224589	413757	422188
916731	255005	-259986	-446539	929256
-178648	-294479	522475	-612764	-631043
-349347	426393	-496779	471914	-647287
-758276	-544478	-902103	827322	62622
89704	-909582	-11331	536993	-415807
-212394	-680793	-704657	-642759	-404111
-291664	-780199	-459649	-726699	156699
-815772	972324	-531956	423823	-308042
474060	-927702	227638	316934	-388496
234397	-717847	94379	-688007	-745165
-607415	-752426	418657	488173	-458125
-348047	-613829	687772	-351254	53658
740467	-411824	892913	765256	-568614
336721	-288264	199391	-820459	398611
-962089	467745	140737	-533073	-432892
-803239	-319555	-8568	735095	-875731
801647	-884706	42533	30034	-14320
-853872	520534	958231	404402	-528781
725718	-783581	779057	-286380	996568
-693858	177850	804247	-207321	4819
574159	817699	-541072	-634656	-458405
-45455	313623	-506586	477344	11849
-361053	772512	-883291	845242	-116860
675238	637259	815561	-277174	161701
468838	-384608	890545	443383	617472
507285	-735564	362539	925544	-500118
-479587	641521	-599130	382735	-351430
247593	739514	843910	-382954	-259735
123846	-399229	-739917	-612397	-37423
366714	401193	813456	148743	449028
-418773	-866268	-953015	-330672	-379364
996525	126994	-243271	-862101	-577039
-927266	520232	371043	683609	350792
-102998	282150	22281	-156213	-481637
829437	-12422	-463313	112669	926337
966327	966703	-296971	-473043	-647181
420769	-719938	740804	751613	-135694
-626540	-63394	-91248	50255	-248621
938407	489453	-724677	971182	289978
165345	402539	633920	-753810	-855003
-324034	-313698	257292	-648494	-132513
597343	-876425	-627868	94454	-981638
817522	-388678	-771027	731747	865916
368305	-307067	-785792	415679	48912
995484	-285278	-581403	285208	966638
-35846	-80194	-277139	109151	645914
946693	-149158	-254719	-62453	298221
-584905	-964292	-761468	774649	62694
663176	115850	932426	764002	-863939
488976	-576785	996325	-901986	-193613
140833	578622	138508	894733	141811
-110674	-909516	21496	554234	-689894
-512318	480358	849322	-283570	591685
-229975	158835	541722	171002	-808788
494310	178780	625773	-854633	139520
-372118	763218	-662962	-470634	528006
-593060	-455804	678150	247571	-139975
-651943	618225	-996714	731529	231726
545168	-203176	664116	-309251	-757256
241261	83064	994791	-997190	266538
-471998	344697	586259	-494665	930063
966744	-11259	785292	-32900	-92370
-208592	-622189	660448	-608238	987282
995061	-879518	-252223	157529	-378292
742847	-692713	-726123	-198279	997531
-905450	615608	681696	535776	-926118
550302	-765578	269592	321244	167913
-129631	-957703	-883718	91604	-31538
54397	-962331	404166	195040	-48063
281269	-688914	659945	308205	43850
-237138	-341444	668900	605267	105176
974476	-393954	13177	757811	-685334
577 -710129 91256   668531  -520914
-135175	208429	-805581	-829624	-393132
840130	-337574	282765	476802	548516
105725	825243	688424	-264393	852087
-759135	226657	590671	-798778	-849232
-879767	2454	-246678	996688	211003
-247012	870043	-75505	40476	-312698
-490561	-104082	-719214	584207	-376576
585320	-58835	-716068	76559	-952241
-347587	418981	636332	903389	-46098
-463775	-819858	460700	499109	36390
717111	-568135	-820273	639220	253357
420668	224265	457790	-526280	-331014
483038	-728044	432119	66543	502787
119838	-317888	583203	240786	882097
150978	544118	536555	-748055	580414
915833	785702	127182	-830992	-740369
802349	451979	29489	757378	-7271
-438109	-952474	851501	-884769	-31804
-584994	-676747	913430	21487	-391180
-373122	-76357	503467	910356	355954
712911	-592077	542581	192302	-391878
-633134	-398346	791490	98351	517236
-352586	365305	418554	209504	-496578
800300	-488363	274157	817458	371159
628488	-714801	-536813	594499	-817803
-608962	999697	755666	436603	374522
900176	348250	366917	-495799	323757
524712	-557717	478618	-859559	-177593
-481362	933229	-131740	90731	-507988
-988143	-636667	822454	-787300	246898
-164905	-101956	7301	-544511	-967265
-761944	-437343	210347	-423681	456426
659773	76457	237196	86723	-361180
129452	-311615	51649	-360365	385710
671496	742475	-777210	444289	-801334
787545	320521	-435871	461017	-760628
-265162	-480275	391193	571204	767508
-30098	-886930	731251	630582	-133409
-819120	-498730	986690	23149	806612
977810	856098	-8235	-504166	-237077
550572	-485475	902765	920266	-788149
333990	-996596	-139860	-116538	-749758
-527996	-20084	623736	-418989	173182
113997	463472	345338	-185367	-710979
324188	-677758	248527	600571	684351
-277400	458122	139572	-708328	469325
883940	-336786	49823	-681959	-817002
-216744	-726714	787169	-803932	150118
399253	-51634	751071	792303	218086
737408	915071	-282442	286196	-140739
687922	-904540	330891	336632	766291
-486280	713794	959058	801217	-498661
673288	39134	-318459	-165724	-163343
-425232	-846423	865905	124077	464884
-452986	584928	-89625	545088	-553970
-691131	-162305	285659	829300	721394
-543839	-883666	94358	-545318	-319605
-864432	-1022	-582036	-884225	940103
-991387	-179160	-828258	-137582	512340
179476	310419	-743698	717273	421884
-312060	-618842	-501885	-128475	-346989
-323352	368956	-911188	755870	-805660
-681806	444811	-135124	-70472	-219550
-187557	314023	-56983	620907	149421
458731	-150709	759481	54362	-695565
-112900	221186	-999404	-441926	595146
589184	19729	-915837	787981	-356324
-377513	-482310	-575751	918520	306951
526364	608959	440971	-680802	241304
-903992	493174	404799	674576	867834
272576	592447	533521	-460691	-804557
-48274	-521568	433187	36231	-458025
145974	854367	-324202	539917	-572960
-411864	232242	930928	792217	252245
-541714	-882729	-83561	697254	-211767
-71732	-717562	-412615	75790	447675
-484447	474814	220165	-408051	-756019
-158170	430770	-842590	571857	197
-480652	842717	598059	758454	491801
133339	-446161	-430598	881970	-44077
424143	746226	160330	159422	-21623
-912209	500957	-586160	-899350	28735
615732	463402	-615760	-680016	475281
-45589	798690	527984	-824155	535186
-656113	-261001	-529451	525624	-645224
-314982	737053	469134	-277657	-360301
-423910	-392943	88499	402851	-894180
18169	-220397	-443085	-244689	728920
932750	813654	-781308	822540	-626987
144313	414979	902070	691604	522939
268394	-876744	994282	380317	186610
503075	392084	472584	706485	316775
149969	-733388	-361884	213301	-12801
-457624	814811	969278	-6224	-989054
-304149	626578	-540284	729191	206879
-702901	-531005	663105	-419377	986336
-443027	-511946	-721376	-51858	492782
569681	441336	-32748	-125175	840717
-418194	342373	982197	80888	-220633
-354343	460585	-37156	-106480	929843
-603063	-529455	295756	946729	-296497
-619651	-595628	261925	334250	419904
991415	159795	-742595	-351617	247068
-4493	-80249	-662490	832167	215483
131014	-692917	282449	-776480	836006
-83700	881240	329664	-991457	820929
192997	-393600	35136	726801	336609
-347008	-96401	-240159	28756	-716997
627575	960755	754069	671241	904325
-481744	-646112	-425618	-372819	685006
377449	-692722	-954429	409860	876245
-698231	-987391	-765808	-572720	-833680
273743	-379867	-205681	-878823	199941
781289	909891	484604	-445275	-325904
-707442	200542	865581	410241	-414049
79537	144189	634492	615278	-887822
-597612	-714468	84431	-787671	-394707
750776	803574	-576903	738578	38191
-27953	-131131	-674770	638598	369835
942341	818276	-978952	-815153	-783680
-969088	-659460	-984543	-434473	-977586
-765659	409158	-45630	-680424	-263358
900616	-927951	42490	599660	76869
285436	-426484	-504618	-122359	585250
208827	-569338	-391104	431104	894750
991269	-6931	-31864	-187316	691263
-895481	826932	-158362	333254	38878
-951132	326581	-787766	730048	-700996
-706296	-79706	517544	697899	-557599
134164	888548	-535229	552292	889439
-63560	229048	-719941	-1867	672308
996073	-88159	439841	694630	760141
-169197	716311	646474	-587288	-610641
-932201	501921	-651847	938216	-561297
496085	-112441	-326774	187611	298966
270415	-827431	257512	42410	-317788
-36538	514356	-267251	710057	-120882
-267300	997992	550800	911046	458261
-841021	-305674	903327	-610507	400725
-717465	564082	792813	86185	173109
700536	928216	533830	480888	-42170
-620960	632801	759970	-400068	29999
295885	27959	-277615	585886	-995194
544885	-389098	-862314	-708891	486629
-598877	-983646	894519	634206	560836
-184341	-92703	831138	-901843	-787542
606918	728747	886130	-58644	287243
-683303	394292	79616	-327727	-104399
-371092	758832	933553	502843	-908018
-426984	-413543	-37770	421174	766380
982708	-698264	-940959	-121200	121702
-86562	-571275	-912962	380829	627344
683968	324271	-430259	426199	-528566
157746	-280053	986900	97675	-855236
-274978	-59276	287642	620448	692232
-493466	-885496	279846	176659	593168
273075	-988152	-557228	685774	975765
-26214	-857493	-691041	-526509	780193
621010	52188	799386	949960	-251261
-207786	-834592	764191	838975	-773163
518264	736607	179758	-708607	428309
914117	-16256	-647270	-500700	-327039
-316629	-151166	727931	716594	480874
147086	431976	244478	-753256	-266827
749563	829511	-883365	-796999	-699100
-185017	314868	-435048	571385	-706674
315921	323152	-309349	-196989	-309337
489152	189367	-923011	-197601	667880
449552	974011	982608	288456	27673
85392	-129633	679512	-610958	273803
-665730	775743	802720	146340	448912
593863	431958	942392	-746998	-761764
766436	-727953	-111468	52703	-394749
767716	618544	-258892	469271	411056
255948	-93135	265316	-427859	-140356
590567	-515070	-667300	-280922	170489
454170	-147511	785990	719245	-568820
265221	-322789	473862	-874308	75041
889617	-450083	249371	590973	955012
767153	-651969	237576	-469291	332946
-705342	966187	-847059	-294936	-402163
-694127	504555	571581	582796	-195727
688389	-212926	276931	376874	828367
256427	-135803	-638975	994963	914076
-641829	-723108	-559844	840878	-919594
474841	210207	441892	-723788	-151892
433451	7654	647033	-850361	-346201
-636314	-380257	-415322	847633	337380
-166683	6563	894548	854454	-930700
726896	989742	-44008	250797	998213
-132838	171670	-568555	411611	-865704
951306	28751	-825562	-612837	-556760
577249	-345574	-832829	180148	-405292
-674541	909664	464484	-305103	632232
619927	302225	892918	512212	-852742
-346192	875838	-708533	848249	726279
918280	-824995	-887779	47762	453249
810818	-668229	837735	-364394	-660500
-903025	-270745	337272	-924864	-483955
-644243	-668519	392222	-569814	813391
17307	519991	-260468	-613822	-584720
101185	720348	-994968	-898620	972128
-569023	-307851	-186855	991497	826872
-180081	-313338	-894928	-512934	835446
-573542	-244015	-29953	-356413	-925545
538629	-949535	437911	840782	205654
-900967	481961	260744	-231546	579314
-919182	804237	757130	-112462	875064
798641	987969	-59795	351243	-183155
-382165	-213309	681445	-263895	678919
900966	-665119	297060	-413082	558019
-757162	924490	132991	269130	-841729
-357355	415786	170909	821110	935465
-216893	961519	-730011	799695	227264
723459	-962574	-595382	-484406	-907279
507261	953569	793678	-876866	-214892
691658	151897	-82376	944559	-855376
175442	299729	-917501	776295	874419
188769	-618015	148872	-304314	-197603
405878	603331	-575567	7832	-561369
434668	972466	-963500	704850	4549
-837284	-370673	-663929	-750654	-981901
256816	292092	-917580	380457	-650402
478337	-37361	553918	-972881	-219895
-748394	-278487	834317	852621	-437598
-965592	-886159	128688	-846987	-459172
-76600	129633	-288349	875320	-47993
-506096	856060	897035	510371	-443421
454295	367304	-523843	-567600	-174934
923206	368049	211563	-793956	606949
514781	-83368	721532	-641536	-852855
-569071	422948	-521608	-198415	91927
-430748	552690	-200571	-326127	-886395
-332833	559128	766401	47153	956598
-546008	656325	-644867	-92393	-420284
390942	843016	122543	-624801	-958833
-23286	-509396	952551	526053	-832279
-469689	527399	92581	-988241	719039
-704931	943254	-851220	36510	263270
-157772	-343293	-415913	-833313	-278324
230256	-703489	-546365	731363	439643
347308	-753733	-73449	-439792	-667225
252078	655367	-324235	-719963	938413
15664	-861875	887380	-541631	-957248
-414438	90963	-122931	117640	819327
562594	442894	942744	290327	753515
-337592	118736	-484357	297767	64936
-995739	-862067	190606	195362	537555
-315784	612684	765062	-454364	762792
535328	424143	603815	-639516	-578067
935555	-764130	-957849	662563	131975
677195	844576	-767659	90069	-666605
191342	346053	90364	-494051	168001
807727	482538	-856070	65193	669496
543869	552025	-731258	-451869	-700927
-468546	239877	330134	-460261	210714
978003	-570328	318435	-456415	889142
21078	979983	748003	99644	-147368
362588	487150	-495666	-681938	-765772
-205750	-839058	871746	-278597	-805133
746877	-120082	-712791	-492354	324447
710723	178186	926076	-84234	-546415
983480	-242493	-520157	480052	707256
109115	-194641	581995	-845273	-535483
-783589	229235	402663	-645575	2147
-218811	309834	378499	-840707	-851685
244407	576785	-300444	-71755	589857
249583	-286460	141564	699352	-988367
-630140	335099	974175	433952	989446
951245	578733	812146	530877	924888
614221	798814	284413	724593	-178639
321184	-131628	-121789	-931189	156757
-123398	-939941	859718	-693611	-417211
-9124	934788	812161	-88744	-571967
-335219	82278	-278427	181057	669635
984918	-637109	76402	-755147	-235176
-755572	-881221	-546675	253155	667546
-359204	452767	-575013	274413	-683938
517907	61581	-434674	-776655	705159
-648704	-676905	-474541	474068	-659771
542339	-376170	-873425	145411	-444388
-244916	163521	-668885	-921435	-781355
-694288	-810876	-203975	-694460	-19086
-934816	260899	982194	713403	58100
903198	-356965	-364962	468835	-35674
684179	-38648	-481074	53504	845591
113812	71424	733880	629397	-617990
753131	-274974	-380444	-350972	-203636
-612868	364441	946920	317434	-380653
-392818	-261177	790682	-334874	-316462
311778	292473	-121566	536570	-140114
-871021	-330550	-382641	636249	226298
-933317	684864	286176	-80628	-600921
-42504	82738	903590	935501	115372
-240198	-533232	-305134	-704298	-85125
-702549	-864259	-22035	793213	-222480
913718	587136	-47526	-867080	-453783
176295	-564573	456926	-73445	-898237
676562	414171	-570200	240000	-64361
-26444	176315	-432632	-902604	236107
872853	750845	198042	473232	-106782
-393627	-989663	-404568	-162535	-566337
-526750	-206885	818841	221127	-631095
933743	-1810	-308414	615104	825724
229777	993936	-871058	-662108	545881
401055	-469140	968882	517851	323683
252793	865055	141045	-821739	-530282
734318	-604387	817325	-469253	-268978
-290877	516509	366404	460276	-444446
903384	187014	-830728	612737	173537
447909	-61443	118389	-964254	2155
898868	-472493	820865	654719	870589
-884385	-600120	-953946	298560	-454186
-347606	445030	94680	-176936	897931
-996356	550259	-862623	490379	-162746
-175607	-362445	-133356	995553	-432299
-319288	-298804	-780481	95768	-177530
890130	990837	970952	156525	-590474
-673828	-523291	241382	424146	-899102
978843	850653	485700	371244	-457482
527451	-707402	-136976	76217	818058
318219	-854173	-278652	-193478	-470419
-957312	719295	-786395	876014	265118
621574	-349818	50122	177378	672785
-376485	-834782	787612	766680	-219937
-374335	-809082	68026	160685	819324
-985053	736407	-977366	911412	729394
-475078	-489974	-31718	-793073	856897
785793	-392387	541479	-506294	-770953
-980990	-660254	900986	-771429	336045
-306866	-33928	-137152	603849	-610124
581976	514111	667216	142341	-95442
-915924	116662	-468104	-905788	611701
-385682	-572892	-295530	373262	987083
732259	431482	-969498	-888687	-86308
17583	-803493	789809	-465044	-4727
631986	-499363	-589772	598316	-908576
139587	-23913	-354274	432754	-364451
337613	-878784	-905654	-721215	-295243
-741096	-376486	297966	-767063	-299076
-169002	-68140	474875	834876	433725
-353857	-515627	475174	286679	424326
-853345	-831312	91088	-614951	-243477
726746	966397	357840	326559	849395
-735545	-644467	-532117	-540978	687325
-220320	-158486	-316077	-841630	81345
-642563	560367	700497	912050	839400
382208	951265	-934184	497481	981946
391438	699099	-177169	623458	-847635
-487323	-609354	634127	72797	678096
-323	-925342	375836	84069	71370
143659	-423875	-529245	-539398	547914
-487181	647821	-48059	970763	-785446
911702	599456	792925	125477	808055
-499229	125626	-421307	-302450	485872
268013	-509595	690082	821555	-771670
-838011	297426	517261	-160655	698880
408162	26753	744876	990845	-431537
-99121	69148	357096	422017	-708337
845105	-16140	746125	-674094	-668744
-847114	-592538	-694865	-270561	990184
820391	301439	-210940	288568	-709720
-976963	-295331	721849	-416021	-828586
353732	-244585	897676	167717	-907421
-364538	85665	520797	-690959	-267900
150142	761216	-204595	-158189	249785
732757	677518	803096	-746661	-724443
-988158	-56059	-939562	-196225	-816229
-899926	-289120	-886704	-10022	170628
-486536	610006	752404	479334	200496
180006	-468781	-40212	-902558	525221
-763713	776389	-78046	-334316	-884077
-69174	-964370	965860	-22371	799602
-884333	666274	606542	360477	432486
-706935	450840	89199	564942	322059
-910639	539915	77567	906159	-507871
-835554	-422270	57431	-92947	-594909
22909	923120	340392	121862	-146131
-152219	-357866	-764271	311604	784795
934428	180712	893168	-743048	-13057
-785627	-573117	339845	-546742	-734374
-572446	-388961	835464	151791	463174
-861435	959425	-349350	-20667	890027
659833	-270782	-61640	-560855	464453
-720833	-633759	630548	-27855	-744548
795051	580337	-773791	-330423	789779
843995	-96241	370929	336041	214967
-83974	-989828	884450	-262217	102468
-672705	608536	-293255	-726947	-360982
-921839	649710	556197	-507836	-239846
-332684	865968	-714166	-116495	580812
345164	493517	-334117	112670	-903380
-534926	-224614	591009	214307	148694
734082	875000	206579	190506	-194271
22112	-545199	335638	263015	-467097
40827	-937481	-129321	162136	682882
-806631	812239	654267	596456	-657714
781904	272949	305130	634145	117195
272554	-434888	-513356	192355	543832
-381935	872492	72139	210302	-18218
-177150	-76814	471790	-919775	-571529
110133	-97598	-383280	937197	839037
463696	-531012	398161	-968611	-700048
987925	217891	-162338	-197575	324762
-1492	924542	-802155	850923	-588358
305714	709978	196450	943961	321958
895928	508 -570636 -912458 656933
-992949	-942869	-353759	954309	650672
771044	460379	-639900	-275016	206221
-1276	475187	620568	787868	-950779
-184131	-686294	-293141	945670	-433718
905879	-604053	440024	948764	-529490
224648	346414	681257	106100	791900
438869	319805	-918614	849145	458958
342446	-94860	-841799	-891957	-808439
509020	-924118	407604	-447617	517121
-324499	946404	-685760	60639	-918281
-637206	-345764	-832792	640183	491676
254103	100813	842977	-781261	-831755
-793231	-671043	562885	-121301	280474
-118880	-600575	-74281	657767	485631
817776	81678	-294717	675578	950736
-605866	-937950	972582	288862	373345
-114566	5095	162809	-54405	925344
-780234	-918153	743915	-490380	-686595
970190	-58341	-53186	314184	-618966
917888	-409808	-76571	471271	840086
554414	989293	783228	-977779	-141458
112034	292640	128411	848517	719647
-59003	168157	193182	-475024	-500054
-929286	-164954	-362810	-954853	372156
489541	301191	-721571	787669	-805511
-478517	813967	-171836	-910689	457472
-95286	-783988	319996	289263	-374642
208858	-951236	-372496	165182	77804
330137	-789408	726139	951450	-994939
-684180	-363590	964981	-296700	-328830
467045	81349	-447434	947633	97594
-357405	-938530	-398633	437940	402729
-775758	-976107	670952	-311827	167693
-426297	826518	-99674	-740475	411381
-530943	686694	126703	17058	-785569
87933	813891	-456260	989589	-147673
694050	798990	213294	-592056	-754627
472636	686482	999476	-930795	360620
776079	-61373	633184	727595	149351
630302	2755	640342	-953391	399461
-102870	-811604	-275294	-831463	783913
-409347	940481	164936	676175	-166609
-897612	-737921	-414772	422694	306060
856086	474672	-545747	220281	-878013
-723349	-954450	925832	-971673	-601505
-519949	965101	396444	108326	456436
470586	-222314	239544	85846	908193
-160820	-391625	-8852	376417	-815501
-740935	-234969	367 773472  -33680
-884544	-972188	-174015	123759	956718
711554	-288017	-623110	764847	-320604
92224	401613	579761	-646800	-884456
41025	587569	-272225	-46853	472572
-874886	-339412	-91268	584374	-440928
-485403	221891	421511	393917	-961460
921196	-530838	-723830	882356	-801810
493478	-376020	746252	-651161	-397730
870996	-795287	-392684	-16698	-583197
-681737	947170	-791171	369493	436902
218495	953493	-169017	973055	565510
327048	441021	-720223	-350566	631479
150125	280318	-828736	529192	-395050
566979	412931	116228	598062	-922419
397360	-153189	331373	976971	-262439
-534131	366641	22234	-565622	118987
986157	542661	311228	-93676	378225
77980	137998	997320	97966	587994
30580	879054	-330429	-232279	838307
503290	-646854	470248	403553	-508705
-747530	371788	-932872	-109088	-762576
99530	169224	492834	194902	162946
-129151	-370649	575438	-463328	986855
90754	670219	-626840	751598	247143
-718321	139838	-982518	-561445	461057
683425	593007	-987288	241311	468404
982220	-875509	-573863	-346842	-631488
-900490	60364	783431	50828	635496
-274597	455377	39039	413476	-69483
750897	630991	665303	-410557	-27230
625278	773644	-27452	-198923	-157800
947296	692374	-747002	935523	-256778
-88168	382095	-785894	107707	-599454
-967745	-360130	336899	-108341	-739203
-89185	-68787	890052	-14482	645825
-469112	-394733	260202	-687119	-288036
-963488	-211455	307430	-221900	507490
-992587	-535472	-482802	-184030	846457
669284	858767	554931	247506	889973
-99661	-764509	-516125	807860	867455
-568179	786620	-247356	951193	731239
-467345	-783313	807282	-170307	34537
502226	671368	331710	-484406	-710208
443266	-532888	-386689	-897150	-775246
-68773	372441	88129	76476	974153
-285515	821676	-282440	-907603	-305694
-355978	-626152	-691922	235842	-104285
-703176	-222108	339792	341792	-281197
646696	171164	-402127	-746061	894047
-761957	-723347	-128623	-797875	652346
251528	967355	910246	62160	481502
975180	-883111	423046	294248	-780181
-491168	-638678	-408503	840220	-180246
892154	624717	521006	-155580	327454
-726672	-130225	-981087	955571	-705903
-99974	-941015	364341	-368589	-638394
-178161	680604	134611	-938623	-644440
118763	-996103	476283	106704	510045
-82922	501623	827465	907206	333208
465335	-110756	-29968	781399	696901
-227924	-480606	725977	297628	-715332
381482	430984	841259	648386	-331868
4804	309133	19590	899335	326093
-39738	171344	-849366	-371814	504105
871920	-560474	-209878	-271442	-81043
-268022	274577	697040	852069	-683696
-647393	502133	-454436	-487646	436588
931690	-347751	-188397	30101	-230748
-326986	-421678	-424092	242727	-97190
196626	-207190	-119924	154995	157042
279171	-839567	615964	668033	-443655
313391	-668889	581686	-957258	299686
875084	605266	18814	577682	-671188
246698	447617	-515492	665527	-150040
788541	677403	848533	29531	-744660
-213036	334840	440830	899985	291852
628714	-327148	-84100	87116	-970749
362901	-134682	335308	-892187	-94575
387254	-892529	114233	541977	-9621
-486748	-271057	874746	-659076	-38913
-531400	-566223	56460	-790171	116125
730672	961955	111652	968260	821316
-269219	175230	-742250	-719914	-641322
-467485	-457405	235321	-749294	-946004
423674	-937642	799067	-770211	-871424
-502564	-644442	-911490	-852027	-657523
878644	272178	37044	-184086	-418620
-77498	755067	968139	-443892	-112429
-254526	367397	-796729	400927	-379465
679378	889325	-197594	-993408	-169888
217545	-867874	43268	222545	429006
-465239	401954	7667	539601	62830
-618623	732782	-164061	-706452	-230066
847081	-198922	29911	-396891	-456826
43911	-920453	923859	586967	-33356
265903	-946264	989214	879627	-556615
-263370	689222	312700	-832982	112907
-73102	925747	4330	407149	-634714
-156420	-976147	805792	-524530	-855223
708227	-389095	962251	-578245	-137674
610898	159593	373698	-481280	628361
-706001	-323667	-360563	-816318	253020
574205	60812	-983781	113009	244855
145554	368214	-398906	220993	143091
315889	175156	-561528	-126656	677147
76564	-413250	822968	-792115	111502
-671482	-104921	-350658	-111051	-121974
391153	-260801	576140	689025	540979
-670328	729946	-739557	-276742	-26873
425306	925566	276844	449733	-617130
48983	674567	532365	940425	-245012
692814	-233801	754786	-590848	-913177
218594	-873267	-561199	633465	-740397
-150895	434658	-237957	-677070	-694552
826631	547739	875278	713655	-564810
-40643	-871686	-358259	709505	639207
956636	-928289	-938657	893543	203901
-526612	815155	510353	-589754	-922672
422331	-810061	-551554	-511391	450247
560934	-120827	135818	-604300	-845242
-916855	571184	342437	307326	273085
517615	-190925	-706798	-845795	-816552
-828197	-230345	-789689	413321	46729
-991094	-82492	-378166	989190	515509
-27387	-394305	-402232	400098	416975
529563	292894	664019	-553175	311304
573257	-523310	950514	829604	-901899
967273	120493	618301	15667	16367
-374095	368292	-658161	256358	683673
-554627	-622133	-544017	-104728	644364
319689	-443852	-330803	-608137	-370078
16927	-746416	-391266	787699	762888
-968351	-341743	462426	624538	795970
-25462	858589	91024	-644291	-117625
-886878	595948	-236928	-774968	440298
581215	247735	908339	144096	-564785
-182084	36634	400785	-595418	-405276
-925270	-501435	-942018	901644	-259984
-69487	-498751	-359860	911481	-310914
641286	523447	607072	-430348	-761600
-153193	86705	968450	-691672	-394319
898728	691791	-203890	204356	-224360
280899	29561	-673673	840098	781020
-4964	573069	-188861	-814545	864503
159229	-763243	320018	934967	-273955
-171328	-846428	759034	381881	827502
-785524	373735	-43545	279092	-1379
77445	-357210	-248850	953086	840666
572603	95875	-586428	-319767	147097
-791285	-97521	260049	-681648	-180374
-939129	-243997	683170	-884533	-869783
-442319	-738512	986917	516398	173852
258053	-888934	-852407	-889517	-202537
-784229	-987884	-879052	573523	730792
843172	249634	-73455	-907937	20501
-306928	858360	-227730	670924	-7839
-134993	781712	89116	238170	374323
396308	322575	-449218	-688954	586172
-490675	-663469	124407	201948	-631776
-339488	-169611	-745596	699315	-282524
-908220	484799	255376	-357901	-809230
-293374	309526	377511	886231	215136
-434970	471128	-43320	-357116	522779
-614328	-728293	-710556	417428	946403
-172816	-92752	823197	-189161	215669
-886573	-830973	704258	-294043	-609957
985254	-310610	250806	255827	161781
819414	-200909	-616004	76587	-787096
-343017	-155951	-831211	-121942	-796400
-385316	382148	744065	146518	777766
-263145	832391	969982	280733	-403003
456998	-241890	-328826	490095	-909611
-299695	393964	312396	-181871	158534
-800054	-61237	872247	152893	-206101
431975	-228791	331711	409160	881129
-878392	-809657	-603830	-210032	733998
590330	303253	-25609	-719669	-249944
247445	-871857	-857826	659881	-351960
-532411	-174585	-818947	-147073	200851
113678	392536	-84402	809627	-911560
-557602	-585084	-454578	487348	46134
-802640	-470277	529549	-843153	249946
-856734	-243348	-720764	332630	94846
7441	-784448	421284	135233	-820302
695477	-898898	-252995	500707	667936
81672	957391	-288764	71597	907824
-635870	920475	941533	918914	-725353
151465	897893	583239	-385615	-618086
-698575	-155913	-610895	-824911	-106949
-846836	-949706	160145	828507	-519345
89153	-102201	408030	-590276	743374
171929	-387037	-216342	-589412	-938321
-197051	327693	-403656	-266375	461200
-645211	-293567	689117	168840	-938227
-724636	-370575	-858649	-320408	235215
27589	29278	-617900	733476	662631
-784277	889009	-667584	865399	146190
-313630	888281	754413	-180231	-33982
493084	-988464	-412531	589056	412731
-69423	-865581	-847800	-173802	158010
565378	76981	-729327	202737	-567223
-895657	-166356	198569	-329743	860150
-826785	-51253	-20007	833528	31855
806838	905465	137681	521438	-545430
814224	134131	-53106	-271489	635098
852241	-937799	668920	-810366	836228
157163	-691204	218779	21303	423981
-595630	-750645	-315869	548271	-265333
766154	-611331	68656	835508	189767
91148	-225790	144247	296449	126660
-449362	207907	354990	-411500	-839764
171830	724377	-869739	831411	351708
141732	274181	-322389	-810646	330065
614231	-438908	779291	905389	-362805
-676866	-680812	963136	-382278	175596
-635454	-570906	-359279	957043	827037
-88231	510817	-545470	643838	200873
-763784	98313	-53835	-194231	-612460
-903096	-159859	-956566	854417	-766249
917585	610506	694078	64377	-335145
-394782	958205	389372	-305157	-589273
701121	202870	-179569	-743057	-939999
-75151	364456	728670	-385580	-623039
-774240	351941	-696846	462967	-60417
527203	797617	-725361	101599	-758006
342424	-360656	502315	284405	-947852
-60077	-15845	-883226	-62245	323052
52674	486381	-103290	-580255	396587
-91728	290082	25215	-841647	-908943
263622	-326738	259721	870093	385114
576307	769084	444631	-545704	-256735
518402	160590	-647912	-269336	-459326
-629696	-505491	-391368	891408	-761993
127091	-287349	480566	-736657	270752
999046	726709	-116637	-391178	143785
827558	308052	-642463	-750147	435677
372487	897869	234131	-499283	-592752
-143377	-232086	-368720	769734	119321
-707341	-545434	-122802	-500842	-48325
796029	68311	684476	959332	-84865
41019	731874	247982	-317331	-333997
-607517	629163	-877820	-576554	315531
-699891	713155	558288	694203	961557
301512	636068	-171923	35645	980781
737400	869773	-553643	-30419	-463763
832760	-800282	564833	33969	867610
350890	-874462	573143	-265683	-640065
-750370	511472	106125	483234	-629078
-162526	740462	-486645	987080	-808799
810117	596105	683684	2180	563232
-603413	-353244	78221	-564762	950943
690472	64062	271922	-477507	-68085
122168	-283320	-797230	118793	-398814
-117622	123725	873953	-556003	536284
773783	-747624	439727	-890632	910269
-74306	-724753	-996663	-309768	-219745
-62114	-831166	167039	-775310	-792524
284075	820770	-520135	619480	864913
970983	754113	474790	-514365	891256
-937102	-999970	803980	-536459	-434136
651220	-905061	-86449	212961	-175208
769299	294791	91428	-329648	-325795
715980	-531380	81401	-342984	687627
464942	498874	-787878	725144	856325
385614	-883977	96774	90142	392288
-175733	-974910	-690946	-87126	588654
-769238	-950658	928677	-203625	-351279
722279	186037	-166841	-552763	-13140
-557592	-302196	-979264	-750679	546867
854772	-852540	616971	-810120	705219
596491	-579602	420633	414804	625127
855987	-911139	-894172	-291101	-820376
-737720	484339	-95137	746628	119608
641013	-784698	-127155	765493	-752111
-240803	782283	685591	-607288	97057
939061	681468	-442009	-990594	894773
98866	451538	-263878	203500	-251564
467038	-549820	148726	254043	-363378
794355	746679	-953065	227047	-620278
303726	-443775	-915978	985037	-756290
-868813	-477382	287113	-564086	-445851
-812438	-659257	-129558	847567	-440472
216332	811255	-365481	-973021	517736
825762	484836	638372	538877	793478
-863672	-379961	429582	68002	761915
992176	-612591	-106573	931350	-353010
240542	-412161	817065	882522	-93286
-151766	-865653	-874298	780076	-505907
620992	226006	-748094	345840	58281
-614465	-931466	-949657	307121	49745
-888405	969607	-926027	-40863	-358280
-731655	-392221	727188	-328535	-76099
831683	521105	866037	604825	-552744
-651546	68253	152875	245439	615873
494100	817874	333307	903700	-760091
577761	677868	972639	609100	-443815
413816	-65408	76191	295197	154932
480169	-649368	-251298	156868	-342867
-41419	49640	203122	-660930	-939301
305163	-657845	-814448	671762	854926
264324	-927666	288020	-736520	23112
-886234	626698	-329309	307068	752063
-775327	-315151	390418	699588	-313477
588089	-355995	277320	-874444	433087
-910093	255000	-443259	252168	652234
543871	815636	313087	-14399	-334004
-324159	371746	799319	-925623	-854818
-582556	436071	-939284	-118433	482242
-948174	-255069	-507313	-138377	592168
96858	-561408	86895	95613	99818
148663	505977	-646586	978833	-989043
89360	839019	-197306	-198333	329940
771104	87594	-629102	-866451	-743232
-705166	-513808	616563	-258401	239256
476878	565365	-824989	-361438	-787731
-791996	220183	-280321	-507878	-34766
-700597	511702	-357755	703703	-65881
-276096	304632	-793023	915124	-557337
-781715	-964431	416189	-132763	-540096
-230738	-742783	884736	370484	-167237
-471247	-306948	649058	705293	-158227
-363287	-761890	885574	-940685	365635
-804450	248050	-801511	-375470	-317869
571995	-664110	254220	-610980	210854
-888002	-574814	-429671	-112312	-83666
773384	381865	-57892	246083	340468
348579	-973636	330145	-110896	835153
500029	148658	911554	434831	403469
-542637	29556	-370840	-737779	-574321
218309	602320	920575	577119	-423566
436808	602487	-917264	211276	195864
-822457	-516517	-594022	444407	-770967
-293081	-807962	-975459	-828005	-216757
290785	265651	-611859	886703	38479
-205631	-474180	38900	-166098	-704011
682782	-225584	-118477	-477901	-338569
88401	539142	-855133	122422	322170
-15597	86354	-480631	698895	-861277
537983	294055	-519022	-849733	261317
-768343	27871	919942	312269	-249269
-677465	141328	728160	475180	403240
183507	944941	-651310	679931	927282
-457121	-696043	-752909	382055	-317317
-439627	52011	582654	397644	886274
-86513	891435	682136	639086	-818543
685650	66394	941045	890981	415524
207112	-751514	-850455	728149	-419563
-855653	-20138	-229237	-818528	-859327
-389236	-196460	-53090	486227	512174
779783	213651	-428416	212853	445973
958734	-429816	-832563	-518883	947514
19809	-271196	-408363	722277	-882036
77204	-824101	-384470	505452	459835
-665038	830621	-305585	-905291	-776949
-703843	992940	573625	-145255	830301
-281989	689074	412140	-378882	-33972
-160245	-987835	-808639	94469	742871
213050	-951022	111665	-968817	945673
-94655	468144	-204066	815546	-834348
11808	75342	-355470	-817413	-929934
-83728	22197	-159833	-211675	621235
-371851	32867	-408048	822474	889564
634658	388543	-589349	39929	277782
-934247	-813446	-354029	-709329	-201886
738682	-246341	273096	539618	243597
-479997	-531563	-494490	193059	851975
-766964	913221	455883	-518191	-227636
380458	-782500	911455	-679740	260299
-395381	-2881	-683044	867868	-501181
-761250	719023	545797	-703346	965856
-996323	217557	-620253	248718	-514513
-749492	120536	-260027	365246	-948466
403454	-380095	928431	245916	-651823
-113289	-941909	-467667	376247	-730850
37381	421226	435821	-590063	-715827
-557023	734601	492416	-278678	675037
892700	-206295	772391	319852	936362
61728	53221	-485009	-962576	-300683
353057	-93805	-338240	-868655	758503
-425534	-306171	-344440	-719898	857563
-228005	-754962	701822	426235	476944
-45688	183073	-41166	-245986	798434
-668751	-833548	-299806	560239	-208421
986939	285223	-777328	-347220	-52233
472144	908413	492183	-480030	-295291
-690601	-384533	380917	532691	142643
780467	-548265	-810858	918345	147245
667587	-657101	517272	-436140	-785544
-73934	-228313	-780369	-677454	-5765
947928	650644	542880	-615642	-68038
231500	986886	-912980	567747	927758
-81003	-853677	33123	-916343	-732192
-927648	428675	654417	-585044	-549765
-114442	770086	-898508	-575828	609345
658143	352354	95162	-838523	-504989
-231501	-751240	221460	503673	883151
-862985	-190711	701994	562309	835311
-748682	604068	615666	-381758	-567674
275736	-893208	751555	-967732	-474976
-861556	14905	-212271	-518280	166207
251433	814505	122595	370888	-878056
424587	-767301	-517805	20661	-486774
-706701	-646882	509632	-498126	-2362
-694640	446379	-385644	34868	-312183
-488403	-737197	-911007	590854	352332
137019	-450182	-628280	-711997	-427999
580165	666477	368511	-741045	749016
720765	427910	879928	865701	61941
139515	358639	-804568	212305	-8318
-497910	579929	371995	932946	-144301
-879120	-146748	397003	180161	986391
-146554	54699	829230	690876	531603
-936199	-27639	-378789	2306	682661
-200779	-983616	833727	-119002	231633
690303	11201	421530	558570	102428
-226133	229856	962356	596700	-22345
872148	-319338	676707	-638109	-638908
-367094	-975265	-350060	936101	-484377
869913	-702043	-112044	-617593	-911239
532948	-585190	-731211	-577039	78807
732299	-103826	287045	300426	-232776
947964	271305	630023	-111161	-253657
52984	399303	-951023	472757	714607
-320271	730259	-699608	296297	-801778
-900856	-538966	294115	44304	-792645
-687498	364181	-2340	-419456	954811
-15185	-909618	987527	935370	132144
-923104	620420	461768	264859	270799
-963908	438684	57596	258964	-532782
836685	-343319	-656553	-868838	67555
297961	666788	833069	846690	183561
978017	140505	36524	-51644	-852250
995980	-71687	-755199	-578665	-289514
-309549	-371020	278992	-561831	-778638
-992311	653520	-132037	-852040	-475284
-675142	179580	-879817	-64773	-811698
-197451	825056	632138	-85523	800875
-183893	624830	-228813	424781	218903
-473352	440237	170475	745628	-266213
-934363	6358	76967	269849	685301
523920	646463	-495771	-339470	696471
-174273	-448458	431430	932286	91503
779555	651967	507075	-541922	626858
49569	-220905	674594	782154	-391648
356012	266473	-1742	-444904	796245
37811	-665974	-865945	-472753	98795
-135278	585343	-737836	-405170	402221
163873	431697	-910278	955066	-521583
197323	769742	489298	628880	528549
-688630	861426	-19868	-565674	697753
-458845	-492881	-987811	67332	-511271
-518332	92679	-9748	-531652	-453565
-409397	-920406	144425	211856	446278
473759	-545234	70794	-411935	-530378
593041	200662	553716	67165	-776012
-529958	-499686	811120	-231501	-48678
482094	786986	79701	175620	991797
601808	-678899	-478315	-992913	-932261
-180269	590341	-2059	1356	-710914
100974	-38768	-601707	16753	959945
792516	-969742	-701702	953707	-5280
-801675	-948321	-415360	-209964	-745227
415994	33420	-884230	749295	414642
371870	-787704	-203643	-377677	-214516
516386	-273212	604877	423729	-505370
685306	-77022	-858509	-648237	-691161
186710	312409	828316	-34982	248311
583760	807570	488435	-323736	21721
496151	-514714	-473804	899070	624292
-245196	-404685	-869399	253082	-790391
-61316	284584	-618761	393982	560512
-39192	-179562	-687720	16689	443703
-736912	-702077	110842	-143947	-188874
-555519	-703697	-180272	-463465	-763834
100436	-317944	-183347	-730417	-874460
-966057	489626	-464607	728985	-352054
-599849	-702259	-613350	404025	-837208
-329369	-215817	374268	-61524	933503
-813595	-728670	-950354	-684944	780091
243755	-885751	-108201	-559454	381903
-888782	-298337	-27035	375028	-165601
750248	998368	-904889	652233	950431
599834	-496834	-592140	-554152	936764
-19505	-217997	-36962	-637199	759597
-791906	-658667	561910	-433585	-412551
38731	899927	-615812	419727	240236
-57416	-219759	-879568	866584	556289
-585268	-699198	471 967801  -931310
-770037	910435	355670	-53530	243871
-218012	-5904	635789	-910440	218291
208112	194425	-358252	-845892	-1221
-812585	311905	242482	-668758	416076
59284	875891	-805425	274542	84513
-519203	-862985	-820297	-798011	220019
-757029	826701	-553079	271272	-378003
824133	369258	580014	283573	-977696
886786	-160720	-681879	-652603	660926
943536	-837057	161329	290501	-721231
-125193	801805	817714	-368693	938878
-846515	-764614	-610328	674795	-819374
298155	-973104	-289157	739240	514133
335860	-19448	905117	-73962	-866172
43134	275900	736793	-864066	-177852
47232	-472110	-555936	-564714	-879688
-370540	528432	478738	-568890	542895
815593	315647	564329	-474847	-364230
-582151	676737	-967916	-62651	140608
198997	-378050	704360	-687702	897202
-156322	884919	939841	847163	-98728
-827921	-938950	-990170	-254315	-926912
-979833	900210	556816	516776	263991
-918420	-258702	-437954	-458846	-399996
-649222	-26830	773583	871018	660023
701801	895383	602762	117982	564108
-421079	-457483	326990	324498	-477543
-581656	683719	-86267	-284709	819600
-971408	831133	-726838	977554	-676527
410856	-393808	-807036	-175565	-965298
-826601	872743	-922839	852601	-498585
736787	330952	540674	141119	-753227
-193545	89198	-478453	-748064	323054
502843	780424	244371	843910	982800
-345219	596945	426886	731220	-809860
-338579	873338	-879160	171161	-493109
994103	-571163	271826	800257	-498314
-960697	904879	-606355	149730	791656
633325	825740	145273	986902	-757682
759140	127131	793256	-239784	118877
101685	773992	914731	-896054	734897
626139	-586984	-105015	972538	182283
618686	331884	249314	-379922	-45368
639560	728180	127813	-799244	976540
-336209	-682809	-151043	726948	921847
-884262	-803567	306826	-335739	-5811
962924	104280	-779130	-922102	71665
-736065	-54434	-799785	75018	566373
800863	-807581	298231	680162	296912
484864	-897815	264140	-989193	758796
-581984	-896282	-262964	-508320	-307130
-87941	-917451	-667094	897182	-615778
-698523	386187	-745691	343475	539808
-584381	160492	-870325	-772959	-269077
437514	403158	71656	-193493	-251212
-969196	296293	-634631	-404621	143554
-467353	-401770	755249	700778	473139
980098	477764	938236	-704434	215337
359619	197618	-640284	-52112	-595985
960237	-664987	-559189	-585914	-750466
-285578	817329	703736	-742075	-938907
-392952	625518	464039	-31110	-968706
-136845	-171336	-48697	865748	-764043
311410	870035	319348	-386622	571577
314948	-698378	831968	474435	835383
-727560	721950	467656	-776414	-333351
787563	-397156	402510	756553	-754962
-147394	493714	613983	199921	692019
-462537	96553	51737	394589	-930967
-902944	791176	-685918	173953	413150
-244379	-947813	-807636	900199	-518482
372954	920147	-125960	274174	-933152
-242894	69078	330857	-545968	-49276
-106548	18651	-654997	-861428	366637
-449210	920268	598767	-386778	-262756
-6170	-348970	417131	760572	-149787
427774	229164	-300926	895341	515641
740607	-315639	22243	-326678	112223
830249	189081	-229256	811566	334099
835860	-652951	-571017	-327588	564240
120392	-259900	-686913	-498004	-637294
513700	-736951	-1926	788493	428430
749812	759630	384046	538662	64836
47156	181272	798642	710464	890517
-135931	-207980	-194136	528156	18790
-449173	-173533	234565	285113	445748
-664225	-104654	702592	189713	581549
689546	639388	-348927	-881482	466681
-885540	-664407	356207	551193	469288
-617932	663099	-847950	538249	804400
558761	976198	488899	-486432	-410867
-656790	434573	339373	-953762	-56239
731129	-25915	145200	563742	192155
-631223	-681807	-973075	244465	689509
-926289	575999	-303304	620792	321149
-69237	-793443	-141956	980979	926422
-895410	126901	503823	-565585	222321
419816	-470111	-115991	670359	-931424
534838	-411122	-960115	-552229	-895660
-227836	-772409	-26465	-733610	289747
-435763	362624	-874977	-181902	-556157
-993996	1786	-69387	593851	791235
468350	-470903	116840	535967	183012
390749	-960356	400102	-187502	-132427
85947	631924	434611	349974	71479
-388091	-665923	21038	140207	-373237
845644	-847850	-715683	-449921	919934
-167865	259649	-518133	382841	-297365
-563232	-504839	-170738	-149918	938440
-526434	978653	-103489	646581	-275648
455980	779372	423246	-440479	220017
999450	607728	-104005	799194	142704
118825	156379	-113465	-535345	226758
372531	545579	-642010	905688	866365
-708025	-581712	548172	-932775	-44590
-279368	-816148	899907	-582546	96334
-74368	581027	152516	-755631	-823793
-301109	-451154	274724	-128373	618798
-165808	-514656	785206	-855849	143329
-669365	-929548	512359	86630	-71743
-397240	-601388	331136	604041	-204417
900159	680202	-580062	-799160	875635
344442	-55537	-539156	566674	327292
465850	-603642	102975	-663909	417221
-916110	-593347	590474	-191179	-543496
621292	873760	216037	314669	-152900
22425	-590099	622592	305174	942660
613174	-151430	394568	323572	901442
-721167	880133	-210749	870712	288996
-808333	-422664	800357	288753	-962608
73780	-450899	-519494	457603	-430579
-47115	559335	-687068	39893	-522999
-301820	425642	557508	593946	-416552
-795993	-404690	-484044	-241399	765196
-325657	-152884	-940439	22635	-416680
-631859	-740128	803962	6041	-432305
-305450	945660	-687132	994687	35188
-425208	-815249	-742021	159323	-829239
-685162	-187440	-492205	584588	18582
-559437	-192782	-320924	-651549	-189623
-939094	-689578	341603	187503	619597
-253705	509327	-126353	-66266	-372532
-341168	-561288	282204	72527	-153128
684675	-693128	346087	-485711	-573881
175056	407677	654213	979711	991306
248632	-606925	-746653	-136155	-58389
-425314	110769	-629528	280597	555238
137096	-974503	635883	-701053	-668795
-546114	-746576	56135	755271	743467
228974	915715	48210	591043	516345
-856506	616149	307516	-5240	954515
215816	805206	-892232	914816	558207
898830	-732538	-672764	-340393	-659780
-496626	965245	-955568	-823168	-762590
-474275	-698187	-867120	172395	134861
183118	-498993	-252945	117489	986230
966301	662252	747909	232815	262264
95530	303808	-802833	921575	580130
794005	-528280	-354040	24583	-200827
323927	-24655	-494583	8112	486334
977314	471726	-97283	-360281	-848126
-849538	-781831	-89220	290385	145427
46426	-496558	349118	121288	434810
-715283	70734	-807182	-113418	-331307
403397	766234	-138439	-798470	-667921
249751	-716381	519604	-206597	-938281
-954953	407010	974619	965393	355823
-970253	-916707	113180	-265542	-263267
266357	262772	-476059	252057	-398829
172956	-822977	-249253	-461785	-917002
-451305	798909	122436	819061	384388
-916062	354093	890807	-276349	681637
-753305	866786	736836	-917172	-24980
531503	166265	-259780	-179649	310372
-907620	-281115	-42463	-55710	-279176
-213983	608783	-400986	-849987	856681
529911	898809	662587	-711987	-856169
452055	-859580	581406	-554762	-760842
-440916	-851984	-223766	284157	88292
-616094	-585762	667892	198135	-879239
-772726	345757	707724	-118509	358941
-775706	197112	-865402	972735	-582953
592347	-501651	-563668	494185	-309180
-669076	-12113	-576298	195736	544368
-328729	326273	-630882	506898	-163471
-664464	-847889	-257169	979816	-791271
311350	-22968	-621640	408122	853068
763001	312017	96462	780164	627919
-359705	-503036	472732	708736	456383
329330	790636	-44736	-939953	452539
820586	668360	-757613	878795	868094
-892957	-787070	-893705	-291251	309586
-71554	-812373	88573	-325363	-587826
-255917	173006	582969	-574015	560972
726270	-543590	-884293	655160	801589
-542667	-11052	185515	682253	63588
116237	-304690	-972725	-509650	73315
130300	588030	-858010	615620	-83183
-779204	289676	-319281	-556586	886690
46070	835680	833831	313895	810241
248279	248365	351121	621804	-34951
-594363	58993	811892	253899	-687421
998358	-655227	-851165	852668	-284067
-194310	-216237	677638	-328938	200780
-553456	-554036	236430	-396592	486869
395594	-136691	-821706	203088	726899
946756	-88092	751845	-929038	115801
344559	397465	559676	336979	-541175
-357199	-37790	-566858	-127453	-162417
359948	770283	-514912	-9754	-905750
983721	847643	909985	-986737	208892
527262	430526	-67069	631139	122559
655687	148617	96974	-418272	418590
32502	230206	-826425	424447	603117
477983	362657	607083	-611118	-729590
-462356	-109540	3803	-259881	-370065
-728315	-784237	564547	-4193	180853
991024	382190	145367	304686	-988383
-252245	380733	960605	566764	-128319
-934131	-975425	253492	-989339	507826
-906192	-252640	-888950	-456384	-429454
258657	-173228	-540330	-105468	427522
-82283	-738409	-151900	440278	650702
890055	-733732	945050	-961389	-696376
-557311	-454168	-606779	-859942	109059
447116	-262126	-375727	-257745	-13078
-500385	-856191	-369264	-394479	-91818
-367596	-304514	985881	886004	62655
767492	-607099	-867724	-682462	332422
959655	297168	804928	-572215	139123
828511	-216135	-52974	838162	556958
885115	241782	530017	302355	789692
-529824	-144473	359225	-675928	-191032
-657264	804885	-508934	-684945	-911403
-503849	109998	-641398	-248395	-305080
-914927	-474987	524949	115077	-148919
-178983	181929	389506	12653	698439
-776803	426505	-15658	341306	423227
-622334	836223	891272	-384195	-233945
-256384	-394388	323467	-734991	435756
72482	110418	-333846	306270	-820646
-408471	-68591	-834029	-167064	-316047
-529906	-41202	-139135	436702	-284022
-478443	-665220	423343	908511	-303022
174036	-879655	-588090	-914534	719226
-822832	316063	197693	-653332	-536143
-961651	267487	-400904	213555	135720
-641116	496907	846803	428795	582253
509831	-984246	-945389	362416	-255297
822127	-209377	-412716	181635	-692271
-135754	634392	-659356	656254	593598
-578205	-311303	764096	-914263	-348223
175113	314590	321053	885337	-436693
299448	-629212	-411029	494180	77544
907109	373137	946695	683475	-83923
-433093	-549079	348823	-300968	766936
-230199	-543361	984873	-309218	960078
-891307	611432	-805490	-51253	385318
-791297	-720932	587830	-358990	101972
652572	722227	663031	-697223	-999622
951640	94078	391611	-218979	20752
-310867	751740	-867631	907812	856800
191645	583097	830749	26357	-53688
-183930	649285	597058	634167	-430255
61595	-480965	-512893	-347520	-899497
748524	171897	587220	88753	638585
-306053	-92031	-245706	-490228	983277
404414	532757	-877435	-279490	535317
583036	740160	865647	736123	345278
538443	-611307	446003	-540196	-444168
247409	938280	527987	-909843	120202
-903318	-309415	-502157	-746047	-801966
-750532	563255	-590300	421408	-723582
-249363	-93900	-157126	-758589	-59838
-894561	-357529	2373	670203	857682
969534	156599	283183	-570027	-476876
606644	-416798	-298660	715126	-576557
-755684	-731813	-530098	-745429	-939532
630003	735803	-477017	-173288	111864
-792833	-76573	-180620	78062	-941594
-951528	-460465	-720391	495304	834335
-828632	-817168	-920079	-555135	-514286
194372	-383592	-24259	-374326	832551
131279	-329752	763233	65138	-520180
490981	2766	-198073	-744765	-40047
836433	13302	-143161	-189286	-479135
-502056	-647679	894481	-12489	-815555
-713671	-899264	169763	546833	-539920
-270362	301454	204667	645290	-551860
-923589	-599859	-433420	210852	-970782
145087	841311	897575	289693	-769173
241551	628800	668416	-794698	-923849
780115	-57480	618080	-100942	-746934
335051	-858668	543578	72192	-446653
-497323	-237494	-256205	88707	407779
-968787	-537600	354648	414 -904497
-574101	-849582	-460715	-877887	732625
-874987	-512072	98046	599067	-381837
483989	-653024	-133767	982770	541913
-851853	55711	174279	-668615	907190
-71585	-63185	592844	656096	819763
61423	462251	-916990	23622	-601973
161025	-892766	375878	-900833	-346767
-403156	-19799	-855271	98834	-802686
720721	972456	392565	938975	175398
-395416	-651732	817411	-41829	-984768
641185	-37031	686754	-441420	7772
248545	972862	709633	662428	-611839
-809383	-909080	-313624	-705579	-66551
486131	-122021	735658	-936591	-678803
842220	-107001	-134525	-700150	-430551
-739241	-221878	150066	129732	-685470
903812	-56643	454858	-469842	-139580
340441	-98419	713457	943799	897877
-462340	123447	-941870	891119	-87691
-55502	866089	-788799	-474571	45593
157797	-702660	-55924	520640	563224
-458237	977240	-841310	-303593	-257715
-163622	-426092	-420041	-513643	-679273
-623069	887463	-595787	-71129	431630
593541	-371793	-362217	-696588	-885422
224286	545896	253161	744173	896856
-886020	-142239	-433133	-444008	665512
350096	367628	-992245	-150519	-87319
656581	-261354	486686	-539757	244
801539	-800960	380194	-752542	-77222
108346	-232650	-624648	118914	-382508
137918	-1447	983737	770995	-337495
-244592	717138	-741470	783790	719321
6089	804030	674422	-303321	23283
509524	-87701	-706602	598063	136427
275198	337716	846624	-127707	872984
-83804	-401776	956971	-732264	459895
687897	902654	-760586	-439949	-394418
-960312	-464424	-445764	471332	-44471
-710436	-910187	-848662	935832	-353686
826692	52954	808148	-105102	-779843
937164	-50044	113317	158084	186105
-204446	525952	334348	-762471	260669
-270907	448347	82338	-225712	316006
-209544	568018	278032	-274275	400722
-161310	-532844	-744513	-952576	-756321
-943661	-786244	574487	923217	-981457
894500	183138	-954475	-273233	-317014
-798462	-570497	-883155	560354	840656
528292	264698	-892228	178282	27665
573887	-925205	459538	544159	403902
-510112	-16648	153676	380910	741945
-503057	532679	348963	-641841	851808
-253232	861608	58177	930702	-744662
526637	292185	-393022	208847	-130371
937445	-795457	-295259	702819	352472
52508	-66438	198877	-488862	861613
38386	-396016	555965	956152	-738267
-845438	734616	-954819	-752195	-414148
925685	651074	810789	-730052	-423556
-203261	-366206	-388885	448709	-787141
483859	298952	-203980	324990	-538514
-317913	-653793	795310	-314322	-653747
-651700	596858	-85628	549635	724774
-643078	-242455	-721800	-458770	-836472
407817	682143	811283	-915159	932046
-108338	261754	-76859	-609810	47471
-13973	-907664	134996	-556468	-742885
985057	816267	-329093	746545	459873
974432	891850	23911	-254332	555641
-659048	166942	-385757	656522	622228
-719097	-612487	-263597	503359	56270
806496	-440907	161708	82459	757451
261808	887203	-119619	-262118	45634
-877046	-810213	-991022	723174	880594
-263807	-92697	368320	-459706	33967
789462	202106	-671051	485725	-510774
-929438	324580	753043	621247	895219
789790	-946052	159661	-15201	-208225
372095	564366	703916	577934	-727604
-619824	762148	907084	-540266	520204
-100409	246008	887108	-297063	-412990
351973	-138356	529648	157345	986379
-806740	463960	-45278	372275	469909
143597	587031	-518597	-934600	602222
220393	556708	660323	646826	-293409
